100 0.010101
0.000000 0.101208
0.010101 0.102151
0.020202 0.107827
0.030303 0.111824
0.040404 0.116649
0.050505 0.123567
0.060606 0.133848
0.070707 0.147558
0.080808 0.164687
0.090909 0.184762
0.101010 0.206069
0.111111 0.226895
0.121212 0.245527
0.131313 0.272257
0.141414 0.296756
0.151515 0.329437
0.161616 0.373211
0.171717 0.427961
0.181818 0.486765
0.191919 0.537877
0.202020 0.594917
0.212121 0.654716
0.222222 0.714105
0.232323 0.781809
0.242424 0.856280
0.252525 0.929536
0.262626 0.996890
0.272727 1.079572
0.282828 1.155304
0.292929 1.236841
0.303030 1.322364
0.313131 1.422536
0.323232 1.541478
0.333333 1.670698
0.343434 1.838791
0.353535 2.028051
0.363636 2.173808
0.373737 2.313169
0.383838 2.399448
0.393939 2.467930
0.404040 2.525886
0.414141 2.576174
0.424242 2.613379
0.434343 2.638581
0.444444 2.666400
0.454545 2.669767
0.464646 2.662692
0.474747 2.650017
0.484848 2.630571
0.494950 2.604049
0.505050 2.570740
0.515151 2.531346
0.525252 2.488349
0.535354 2.441877
0.545455 2.384835
0.555556 2.322093
0.565657 2.242769
0.575758 2.082901
0.585859 1.914335
0.595960 1.664171
0.606061 1.519734
0.616162 1.371174
0.626263 1.194711
0.636364 1.021197
0.646465 0.896665
0.656566 0.831499
0.666667 0.774383
0.676768 0.706238
0.686869 0.656768
0.696970 0.622582
0.707071 0.585012
0.717172 0.546020
0.727273 0.507566
0.737374 0.471613
0.747475 0.440121
0.757576 0.413171
0.767677 0.374365
0.777778 0.358415
0.787879 0.340805
0.797980 0.324903
0.808081 0.310029
0.818182 0.299603
0.828283 0.292659
0.838384 0.285467
0.848485 0.278197
0.858586 0.271017
0.868687 0.264095
0.878788 0.257600
0.888889 0.250243
0.898990 0.241238
0.909091 0.233137
0.919192 0.220939
0.929293 0.205133
0.939394 0.185366
0.949495 0.164830
0.959596 0.147118
0.969697 0.131842
0.979798 0.122538
0.989899 0.117564
1.000000 0.118076
