100
0.462726995589037
0.263047626060143
0.846437242973479
0.603516687260708
0.353534999994736
0.351477484604402
0.499430974283314
0.874012323656643
0.239671289185935
0.474120572042011
0.375888092785317
0.582687258378428
0.657959886761091
0.519436906113697
0.136639625197859
0.303428595092555
0.207509759587992
0.373552613913489
0.558171826000034
0.421431315400696
0.203240603681479
0.446165941037179
0.341620530372893
0.365486459028034
0.607359839385026
0.552058563705941
0.330070300849911
0.591219541667670
0.338052160703228
0.279357431711105
0.117342193581862
0.409142385069572
0.654945148962724
0.607746978981595
0.226858654867101
0.740590958317625
0.587838712039229
0.598325649734761
0.162844007463718
0.545081079071679
0.305461038915382
0.491139944213501
0.544966024470341
0.506510859391710
0.473855791256938
0.555144101475889
0.357951902820787
0.233169328836084
0.336629338758939
0.570718189970648
0.373579027633241
0.245874684413138
0.353317653753038
0.339507617049094
0.350939227682829
0.260300425150490
0.767214638661244
0.592376561740821
0.289288101987040
0.378856338582409
0.416926573867386
0.285109898199153
0.693078244330536
0.818642561127490
0.862674470226921
0.531770770678122
0.202426414529327
0.538119127675600
0.407272903154080
0.460493781596597
0.211191214555583
0.050240658136318
0.469715712344623
0.192470039590262
0.847967979476380
0.686157278942119
0.295486332674045
0.283515064111270
0.378739776562725
0.446074395535106
0.281876682252914
0.408244448415644
0.410444588509563
0.468383410676324
0.541972824787081
0.353534999994736
0.639767537482840
0.474696296987531
0.539240068181243
0.414140999993833
0.364958287558693
0.343361481347529
0.329299835830170
0.471037356874149
0.694427191272553
0.388101032898703
0.495914677354449
0.435170126780577
0.583309426809137
0.551668139967660
