100 5.696970
5.000000 86.000000
10.696970 90.291046
16.393940 96.403946
22.090908 103.455963
27.787878 110.564316
33.484848 117.852737
39.181816 125.055275
44.878788 133.737488
50.575756 145.421814
56.272724 160.015411
61.969696 176.707184
67.666664 193.673813
73.363632 214.481293
79.060600 241.432648
84.757576 270.005432
90.454544 302.420166
96.151512 330.224274
101.848480 354.497162
107.545448 376.356110
113.242424 390.827637
118.939392 404.647003
124.636360 416.077209
130.333328 425.428162
136.030304 426.005554
141.727264 427.451569
147.424240 429.334259
153.121201 431.119446
158.818176 432.273010
164.515152 432.260834
170.212112 430.934174
175.909088 428.891144
181.606049 425.950165
187.303024 421.885284
193.000000 416.470520
198.696960 406.823120
204.393936 390.438812
210.090897 371.407562
215.787872 353.180206
221.484848 336.977692
227.181808 320.017120
232.878784 302.982330
238.575745 273.698090
244.272720 223.607330
249.969696 208.436142
255.666656 193.946030
261.363617 181.022629
267.060608 171.744736
272.757568 166.493423
278.454529 162.320541
284.151520 158.760376
289.848480 155.347198
295.545441 151.615280
301.242401 147.226410
306.939392 142.282852
312.636353 136.976791
318.333313 131.641159
324.030304 126.608803
329.727264 122.212639
335.424225 118.731728
341.121216 115.589882
346.818176 113.321487
352.515137 111.949287
358.212097 111.496025
363.909088 111.984444
369.606049 118.175873
375.303009 127.897186
381.000000 135.388474
386.696960 143.322281
392.393921 152.422729
398.090881 162.002335
403.787872 172.203384
409.484833 181.292465
415.181793 192.805130
420.878784 201.738068
426.575745 205.166245
432.272705 206.942551
437.969696 207.655014
443.666656 207.258026
449.363617 206.454422
455.060577 205.761139
460.757568 204.707687
466.454529 202.880035
472.151489 199.864212
477.848480 195.246201
483.545441 184.016495
489.242401 164.528198
494.939392 142.981140
500.636353 126.551796
506.333313 117.872383
512.030273 109.129066
517.727234 100.555862
523.424255 92.386795
529.121216 84.855850
534.818176 78.197060
540.515137 72.197830
546.212097 66.518509
551.909058 62.308319
557.606018 59.218006
563.303040 56.898315
569.000000 55.000008
