100 0.010101
0.000000 0.407218
0.010101 0.427537
0.020202 0.456482
0.030303 0.489874
0.040404 0.523533
0.050505 0.558044
0.060606 0.592149
0.070707 0.633260
0.080808 0.688586
0.090909 0.757689
0.101010 0.836726
0.111111 0.917064
0.121212 1.015590
0.131313 1.143207
0.141414 1.278502
0.151515 1.431989
0.161616 1.563644
0.171717 1.678578
0.181818 1.782083
0.191919 1.850607
0.202020 1.916043
0.212121 1.970166
0.222222 2.014444
0.232323 2.017178
0.242424 2.024025
0.252525 2.032939
0.262626 2.041392
0.272727 2.046855
0.282828 2.046797
0.292929 2.040515
0.303030 2.030841
0.313131 2.016915
0.323232 1.997668
0.333333 1.972028
0.343434 1.926347
0.353535 1.848766
0.363636 1.758651
0.373737 1.672343
0.383838 1.595622
0.393939 1.515312
0.404040 1.434651
0.414141 1.295987
0.424242 1.058802
0.434343 0.986965
0.444444 0.918353
0.454545 0.857160
0.464646 0.813228
0.474747 0.788363
0.484848 0.768604
0.494950 0.751746
0.505050 0.735584
0.515151 0.717913
0.525252 0.697131
0.535354 0.673723
0.545455 0.648598
0.555556 0.623334
0.565657 0.599505
0.575758 0.578689
0.585859 0.562206
0.595960 0.547329
0.606061 0.536588
0.616162 0.530091
0.626263 0.527945
0.636364 0.530257
0.646465 0.559574
0.656566 0.605606
0.666667 0.641078
0.676768 0.678645
0.686869 0.721736
0.696970 0.767097
0.707071 0.815400
0.717172 0.858437
0.727273 0.912951
0.737374 0.955249
0.747475 0.971482
0.757576 0.979893
0.767677 0.983267
0.777778 0.981387
0.787879 0.977582
0.797980 0.974299
0.808081 0.969311
0.818182 0.960657
0.828283 0.946376
0.838384 0.924510
0.848485 0.871336
0.858586 0.779057
0.868687 0.677030
0.878788 0.599235
0.888889 0.558137
0.898990 0.516737
0.909091 0.476142
0.919192 0.437460
0.929293 0.401801
0.939394 0.370271
0.949495 0.341864
0.959596 0.314972
0.969697 0.295036
0.979798 0.280403
0.989899 0.269419
1.000000 0.260430
